14.134725141735
21.022039638772
25.010857580146
30.424876125860
32.935061587739
37.586178158826
40.918719012147
43.327073280915
48.005150881167
49.773832477672
52.970321477714
56.446247697063
59.347044002602
60.831778524610
65.112544048082
67.079810529494
69.546401711174
72.067157674482
75.704690699084
77.144840068875
79.337375020249
82.910380854086
84.735492980517
87.425274613125
88.809111207634
92.491899270558
94.651344040520
95.870634228245
98.831194218194
101.317851005731
103.725538040478
105.446623052326
107.168611184276
111.029535543170
111.874659176993
114.320220915453
116.226680320858
118.790782865976
121.370125002421
122.946829293553
124.256818554346
127.516683879596
129.578704199956
131.087688530933
133.497737202998
134.756509753374
138.116042054533
139.736208952121
141.123707404021
143.111845807621
146.000982486766
147.422765342560
150.053520420785
150.925257612241
153.024693811199
156.112909294238
157.597591817594
158.849988171421
161.188964137596
163.030709687182
165.537069187900
167.184439978175
169.094515415569
169.911976479412
173.411536519592
174.754191523366
176.441434297710
178.377407776100
179.916484020257
182.207078484366
184.874467848387
185.598783677707
187.228922583502
189.416158656017
192.026656360714
193.079726603846
195.265396679529
196.876481840958
198.015309676252
201.264751943704
202.493594514141
204.189671803105
205.394697202163
207.906258887806
209.576509716856
211.690862595365
213.347919359713
214.547044783491
216.169538508264
219.067596349021
220.714918839314
221.430705554693
224.007000254604
224.983324669582
227.421444279679
229.337413305525
231.250188700499
231.987235253180
233.693404178908
236.524229665816
237.769820480925
239.555477573328
241.049157796217
242.823271934223
244.070898497078
247.136990074898
248.101990060148
249.573689644707
251.014947795016
253.069986747999
255.306256454914
256.380713694434
258.610439491531
259.874406989678
260.805084504597
263.573893904870
265.557851838876
266.614973781501
267.921915082824
269.970449023998
271.494055641645
273.459609188403
275.587492649344
276.452049503133
278.250743529842
279.229250927745
282.465114765052
283.211185733234
284.835963980905
286.667445363003
287.911920501422
289.579854929219
291.846291329067
293.558434139356
294.965369619266
295.573254878958
297.979277061943
299.840326053721
301.649325462194
302.696749589607
304.864371340857
305.728912602037
307.219496128170
310.109463146702
311.165141530356
312.427801180601
313.985285731159
315.475616089476
317.734805942370
318.853104256317
321.160134309114
322.144558672483
323.466969557512
324.862866051740
327.443901261905
329.033071680481
329.953239728234
331.474467582663
333.645378524870
334.211354833244
336.841850428391
338.339992850807
339.858216725364
341.042261111047
342.054877510364
344.661702940252
346.347870566010
347.272677584420
349.316260870696
350.408419349192
351.878649025359
353.488900488719
356.017574977265
357.151302252040
357.952685101632
359.743754953114
361.289361695805
363.331330578974
364.736024114089
366.212710288331
367.993575481740
368.968438095734
370.050919212106
373.061928372113
373.864873910909
375.825912766739
376.324092230668
378.436680249965
379.872975346532
381.484468617187
383.443529449536
384.956116814864
385.861300845974
387.222890222388
388.846128354232
391.456083563638
392.245083339519
393.427743844434
395.582870010994
396.381854222592
397.918736209614
399.985119876195
401.839228600533
402.861917763886
404.236441800208
405.134387459910
407.581460386896
408.947245502351
410.513869193367
411.972267804279
413.262736070185
415.018809755155
415.455214996295
418.387705789535
419.861364818152
420.643827625042
422.076710058827
423.716579627482
425.069882494461
427.208825084075
428.127914076617
430.328745430939
431.301306930704
432.138641734589
433.889218480927
436.161006432647
437.581698167669
438.621738656272
439.918442214371
441.683199201189
442.904546302609
444.319336277559
446.860622696430
447.441704194493
449.148545685023
450.126945780314
451.403308445389
453.986737806678
454.974683768617
456.328426689246
457.903893064103
459.513415281106
460.087944422176
462.065367274883
464.057286910548
465.671539211371
466.570286930826
467.439046210262
469.536004559112
470.773655478102
472.799174661909
473.835232345140
475.600339369376
476.769015237484
478.075263766671
478.942181534635
481.830339376287
482.834782790982
483.851427212483
485.539148129356
486.528718261651
488.380567090017
489.661761577956
491.398821593663
493.314441581785
493.957997805369
495.358828822131
496.429696215759
498.580782429687
500.309084941691
501.604446965145
502.276270327118
504.499773313428
505.415231742244
506.464152709524
508.800700336468
510.264227943673
511.562289700375
512.623144531407
513.668985555474
515.435057167299
517.589668572467
518.234223147550
520.106310411723
521.525193449492
522.456696177730
523.960530892016
525.077385687280
527.903641601272
528.406213852293
529.806226318707
530.866917883961
532.688183028294
533.779630753769
535.664314075873
537.069759083122
538.428526176248
540.213166376228
540.631390247295
541.847437121201
544.323890101005
545.636833248935
547.010912058122
547.931613364489
549.497567562661
550.970010039484
552.049572200565
553.764972119159
555.792020561683
556.899476406855
557.564659172059
559.316237028682
560.240807497296
562.559207616046
564.160879110786
564.506055938150
566.698787682808
567.731757901177
568.923955179629
570.051114782464
572.419984132453
573.614610526758
575.093886014495
575.807247140929
577.039003472098
579.098834672037
580.136959362385
581.946576265902
583.236088219167
584.561705903466
585.984563204988
586.742771891250
588.139663266248
590.660397516765
591.725858065048
592.571358300226
593.974714682231
595.728153697389
596.362768328394
598.493077346165
599.545640364365
601.602136735933
602.579167886387
603.625618903579
604.616218493753
606.383460422109
608.413217311187
609.389575154720
610.839162937739
611.774209620887
613.599778675637
614.646237872233
615.538563369407
618.112831366442
619.184482597954
620.272893672227
621.709294527949
622.375002739779
624.269900018178
626.019283427654
627.268396850783
628.325862359460
630.473887438292
630.805780927198
632.225141167116
633.546858252252
635.523800310605
637.397193159837
637.925513980823
638.927938266857
640.694794668826
641.945499665705
643.278883781398
644.990578229748
646.348191595502
647.761753004289
648.786400888782
650.197519345256
650.668683891396
653.649571605395
654.301920586319
655.709463022356
656.964084599461
658.175614418605
659.663845972964
660.716732595279
662.296586431100
664.244604652273
665.342763095599
666.515147704173
667.148494894555
668.975848820235
670.323585205863
672.458183584170
673.043578286148
674.355897810123
676.139674363627
677.230180668764
677.800444746221
679.742197882528
681.894991533152
682.602735019751
684.013549813870
684.972629862098
686.163223587728
687.961543184704
689.368941362272
690.474735032350
692.451684415521
693.176970060602
694.533908699873
695.726335920927
696.626069900346
699.132095476014
700.296739132143
701.301742954646
702.227343145761
704.033839295525
705.125813954619
706.184654799518
708.269070885110
709.229588570284
711.130274179685
711.900289914375
712.749383470101
714.082771820669
716.112396454052
717.482569703100
718.742786545486
719.697100988366
721.351162218536
722.277504975674
723.845821045128
724.562613890379
727.056403230049
728.405481588934
728.758749795614
730.416482122756
731.417354918599
732.818052714500
734.789643252378
735.765459208578
737.052928912265
738.580421171374
739.909523674042
740.573807447295
741.757335572942
743.895013142474
745.344989550612
746.499305899432
747.674563624270
748.242754465085
750.655950362124
750.966381066651
752.887621567202
754.322370471713
755.839308976038
756.768248439951
758.101729246413
758.900238224892
760.282366983512
762.700033249691
763.593066172837
764.307522724180
766.087540099836
767.218472155540
768.281461806509
769.693407252624
771.070839313678
772.961617565757
774.117744627941
775.047847096581
775.999711963171
777.299748529593
779.157076949189
780.348925004182
782.137664390812
782.597943946074
784.288822612466
785.739089700715
786.461147450506
787.468463815910
790.059092364120
790.831620467921
792.427707608605
792.888652562623
794.483791869893
795.606596156162
797.263470038036
798.707570166296
799.654336210898
801.604246462982
802.541984878418
803.243096204270
804.762239112662
805.861635667095
808.151814935994
809.197783363301
810.081804886407
811.184358846506
812.771108389109
814.045913607511
814.870539625873
816.727737714395
818.380668866362
819.204642170824
820.721898443869
821.713454133379
822.197757493404
824.526293871630
826.039287376574
826.905810954081
828.340174300490
829.437010968309
830.895884053317
831.799777659071
833.003640909154
834.651915147826
836.693576187592
837.347335059531
838.249021992732
839.465394810283
841.036389829013
842.041354206526
844.166196607351
844.805993975764
846.194769927694
847.971717639512
848.489281180944
849.862274348698
850.645448466004
853.163112583389
854.095511719869
855.286710244405
856.484117490792
857.310740602604
858.904026466476
860.410670896015
861.171098212715
863.189719771909
864.340823930070
865.594664326516
866.423739904043
867.693122611785
868.670494229132
870.846902325754
872.188750821613
873.098978971282
873.908389235337
875.985285108780
876.600825833027
877.654698341034
879.380951969791
880.834648847939
882.386696627196
883.430331838702
884.198743114595
885.272304479617
886.852801962916
888.475566673817
889.735294294091
890.813132112528
892.386433260156
893.119117567294
894.886292320869
895.397919674783
896.632251556203
899.221522668383
899.858884607938
900.849739860521
902.243207586752
903.099674442630
904.702902722281
905.829940758222
907.656729468968
908.333543645061
910.186334057180
911.234951485956
912.331045600036
912.823999246743
914.730096958376
916.355000808643
917.825377570427
918.836535243529
919.448344439682
921.156395507155
922.500629306637
923.285719802422
924.773483933477
926.551552784603
927.850858985754
928.663659328935
929.874092850648
931.009211336628
931.852740745520
934.385306837258
934.995424863846
936.228649379283
937.532925711970
939.024300899218
939.660940614528
941.156999642042
942.052341643375
944.188035809573
945.333562503046
946.765842204728
947.079183096255
948.346646255045
950.151612684644
951.033248733823
952.727988619851
954.129719269551
954.829308938217
956.675479343290
957.510052596424
958.414593390136
959.459168807068
961.669572474193
963.182086671311
963.567040191612
965.055579623751
966.110754818410
967.371153766263
968.636301906087
970.125610556941
971.071491486386
973.185361294301
973.873078992654
974.774635065837
976.178502420590
976.917202117051
978.766671535113
980.578000639774
981.288615301759
982.396485168779
983.575076006431
985.186928655773
986.130515110185
986.756008407656
988.992622370657
990.223917804028
991.374294147761
992.728696336733
993.214580957443
994.404590571094
996.205336164298
997.511934751939
998.827547136930
999.791571557413
1001.349482637783
1002.404305488392
1003.267808179453
1004.675044121173
1005.543420304378
1008.006704307064
1008.795709900742
1009.806590746965
1010.569757011061
1012.410042515762
1013.058638098409
1014.689632622370
1016.060178942647
1017.266402364355
1018.605572518620
1019.912439743944
1020.917475017264
1021.544344499905
1022.885270911716
1025.265724197728
1025.707944371463
1027.467693515588
1028.128964255498
1029.227297443961
1030.897368790597
1031.833180297408
1032.812883035159
1034.612915529521
1036.195917358055
1037.024707646282
1038.087752240619
1039.077401436897
1040.264037937696
1041.621528014542
1043.623954349621
1044.514975829079
1045.107042352978
1047.089817484295
1047.987147489600
1048.953785194686
1049.996284256593
1051.576571843205
1053.245785158386
1054.781039478281
1055.002146475686
1056.688847363828
1057.100043659618
1059.133769106897
1060.139518561608
1061.501304465068
1062.915381507881
1064.071551071718
1065.121855106293
1066.463223469243
1067.418860120965
1067.990000079043
1070.535041996829
1071.618623215089
1072.543998011122
1073.570353165094
1074.747771044311
1076.266625594177
1076.924056065754
1078.647198480956
1079.809965429259
1081.171002343468
1082.952749723070
1083.295466514086
1084.183264310430
1085.647831208639
1086.911998989825
1088.755724674809
1089.795337924075
1090.863191026249
1091.728472966937
1093.440873272369
1094.284457523754
1095.433084758661
1096.401917794743
1098.841015466650
1099.360667178572
1100.574460622463
1101.839111168756
1102.551779899918
1103.732297174547
1105.617188830762
1106.774371675833
1107.774531955010
1109.158918856766
1110.444142993613
1111.443504764900
1112.432995408077
1113.397595114802
1115.065359461567
1116.787253881215
1117.965919669200
1118.684134861018
1119.473247426179
1121.155937675810
1122.458621356880
1123.101117387809
1125.314729397847
1125.763442429253
1127.658023527216
1128.430224613893
1129.728996777066
1130.391597896232
1131.495085561917
1133.708625669456
1134.885654591533
1135.562213975478
1136.929293480970
1138.151589779806
1138.992341820494
1140.721848171903
1141.261022964137
1142.858659607856
1144.782299518625
1145.485327517117
1146.576814924867
1147.501776523319
1148.615277208834
1149.982601028107
1151.562814723673
1152.943128530590
1153.890303716271
1154.697519535382
1156.621567833873
1157.432314575611
1158.001609027295
1159.480657019022
1161.396644634378
1162.487528602005
1163.701031682779
1164.737586351228
1165.271227706458
1166.943613409529
1168.086271610139
1169.698356884885
1170.463638578284
1172.120681865696
1173.305687764048
1174.232766856456
1175.215452395951
1176.632875809788
1177.106304421656
1179.701223501934
1180.653543787084
1181.267318151680
1182.582270346920
1183.712775295974
1185.155842847466
1185.875358695357
1187.345161493267
1188.856444298229
1189.963636497919
1191.482605926413
1192.218611478102
1193.324021427455
1193.857427135437
1196.034671748671
1197.071786658822
1198.686569104631
1199.356513707894
1200.532692031220
1201.810334856606
1203.137350861425
1203.855247594097
1204.985492171466
1206.870499793853
1208.471459949531
1208.989484167939
1209.898030087546
1211.416115892798
1212.113153066320
1213.598372680368
1215.389975065046
1216.183722033467
1217.174482497739
1219.050028177406
1219.614471310859
1220.816347690978
1221.692242483144
1222.952484095108
1225.018330024169
1225.855020760796
1227.231827641491
1227.917141614400
1228.793154362981
1230.584603154249
1231.562273877645
1232.529587040598
1234.277816653432
1235.502548526521
1236.399017465779
1237.977298513581
1238.457232795662
1239.490807146796
1240.813471785216
1243.078076398021
1243.538146526114
1244.851433966984
1245.655866188148
1247.372561969856
1248.063061053208
1249.159887953003
1250.672397275678
1251.659832004271
1253.673577852107
1254.431328421774
1255.408230645291
1256.181214198461
1257.541219412644
1258.779233488595
1260.344548316185
1261.611717161480
1262.556614000356
1263.676732843862
1264.957223007000
1266.179037760562
1267.200345611845
1267.570571779440
1270.118921886493
1271.134299631610
1272.083959599333
1273.261144633456
1274.196220889480
1275.092030315840
1276.842171555570
1277.763091986347
1279.332843316708
1280.155794409023
1281.828726959700
1283.000491386700
1283.335032138879
1284.854795154622
1285.695023331139
1287.410026617075
1289.165351532773
1290.104771519807
1290.417708073043
1291.945870968083
1293.493981557418
1294.118474377848
1295.365363505358
1296.801110992347
1298.256527067889
1299.405171250744
1300.490018982448
1301.495516680575
1302.346742379247
1303.273200228794
1305.401672188004
1306.508393312969
1307.267242107803
1308.988196517643
1309.421532493256
1311.056570511112
1311.966940608049
1313.031599369020
1314.052565651726
1316.212112602854
1317.072986034830
1318.171279132165
1318.947880596566
1319.931082877536
1321.628138551912
1322.258067123391
1324.224978718844
1325.237624358982
1325.981969630446
1327.635281108458
1329.043517996519
1329.205018785484
1330.429937120459
1331.827591385285
1333.673522610285
1334.747329051690
1335.694974526002
1336.690184653386
1337.688791809670
1338.923164598670
1340.426400457300
1341.166272252926
1342.608507883777
1344.156044003596
1345.477106261399
1345.731413255418
1347.519471750900
1348.017238018736
1349.085194014048
1351.296206374097
1352.210465159176
1353.483338358265
1353.886781971696
1355.680595320636
1356.605655709808
1357.771742828579
1358.460160399159
1360.393144762191
1361.393074713640
1363.022328603281
1363.879190797134
1364.576584896754
1365.493733551295
1367.104090970008
1368.330193307986
1369.686949077343
1370.973522767784
1371.686553552827
1373.202914562373
1374.154798658641
1375.302392344749
1376.161779993619
1377.177633642105
1379.683283028613
1380.148578441693
1381.073977149206
1382.345662978474
1383.297591007946
1384.444415847760
1385.663777011193
1387.326647663489
1387.921454127113
1389.565831798394
1390.705490286428
1391.853200443270
1392.644027788549
1393.433401740794
1394.884184675680
1396.544163123682
1397.834623321387
1398.837675201386
1399.839472941206
1400.426946297394
1402.564347250066
1402.973747640919
1404.006292170523
1405.666975059247
1407.085142776436
1408.136307496190
1409.320681079839
1410.024810725802
1411.257056815707
1411.965653461773
1413.843148788569
1415.585784795495
1415.781581303283
1417.102822933823
1418.696963852452
1419.422480945996
